# Thailand
# from http://www.rjruss.info/2010/12/free-countries-of-world-in-polygon-kml.html
99.66309533 6.5219278
99.6440784 6.51614004
99.60666467 6.59680695
99.65400028 6.71411245
99.70133589 6.57055532
99.66309533 6.5219278

99.07842818 7.59183666
99.10436974 7.47127554
99.06788618 7.49587352
99.03770715 7.54848013
99.03812056 7.6257364
99.04514855 7.63653677
99.07842818 7.59183666

98.5920496 7.93393464
98.57995731 7.91703644
98.52941776 8.1085493
98.60434859 8.05733796
98.5920496 7.93393464

98.40911502 7.90205028
98.39846968 7.82841136
98.35743859 7.82944489
98.31568404 7.78234182
98.2962537 7.77606314
98.26235396 7.92607982
98.30131799 8.13624787
98.32209191 8.16632355
98.35103071 8.11066804
98.43495324 8.08565664
98.39888309 7.96452709
98.40911502 7.90205028

98.30751916 9.05148916
98.25077844 9.04084382
98.25842655 9.09541413
98.27361942 9.12988231
98.30111128 9.13913239
98.3124801 9.08037629
98.30751916 9.05148916

100.07071903 9.58603018
100.07526655 9.52944448
100.05366581 9.4614383
99.96240523 9.42164745
99.93129601 9.47606273
99.93956424 9.55993358
99.95362023 9.58101756
100.04291711 9.57683177
100.07071903 9.58603018

100.07412967 9.69666942
100.0644145 9.67997793
100.02565718 9.71170726
99.99806196 9.74762238
99.98338586 9.79356273
100.04343387 9.7916507
100.07299279 9.749121
100.07412967 9.69666942

102.60648156 11.67649689
102.5899451 11.57216218
102.53279097 11.61495026
102.5465369 11.66776358
102.56896447 11.69168976
102.60648156 11.67649689

102.42675093 11.9887259
102.42995487 11.96474803
102.37807173 11.98293814
102.35998498 11.97441153
102.30200402 11.9808194
102.27337528 12.11931224
102.27740604 12.15186839
102.31885054 12.14163646
102.37807173 12.07285513
102.40835412 12.02510611
102.42675093 11.9887259

100.00364302 20.37958324
100.12249881 20.31664134
100.11495405 20.25767853
100.13975874 20.24543122
100.17412357 20.27276805
100.21804854 20.33958568
100.26600427 20.37730948
100.31799076 20.38588776
100.37312951 20.34036083
100.43152388 20.24072866
100.49157189 20.18409129
100.51947717 20.17791596
100.53994103 20.13236319
100.54304162 20.0886966
100.51451623 19.99635082
100.46625044 19.88891551
100.39762414 19.75610708
100.42015506 19.64448599
100.51358605 19.55348379
100.62546553 19.49984365
100.74390791 19.51475231
100.80679813 19.54193411
100.8581645 19.58505809
100.90601688 19.60536693
100.96647831 19.61079295
101.1546322 19.57921865
101.21194136 19.54834199
101.22077803 19.48661449
101.19757531 19.32791616
101.22661747 19.21154084
101.27989587 19.08891267
101.28630375 18.97713654
101.22051965 18.79275503
101.16553592 18.6182954
101.10631473 18.53354605
101.06042606 18.47902741
101.04693851 18.44197541
101.05060754 18.40704214
101.09277551 18.35453889
101.1375273 18.2868686
101.14874108 18.22214387
101.14393517 18.14261384
101.11323937 18.03352489
100.99898278 17.79718273
100.90849735 17.58386241
100.95588464 17.541126
101.04574995 17.50996511
101.10517785 17.4795277
101.16749963 17.49900971
101.29968794 17.62502269
101.41368615 17.7187379
101.55502119 17.81234976
101.56365116 17.82051463
101.68746789 17.88939932
101.74410526 17.95270295
101.77480106 18.03342154
101.81862267 18.0646341
101.87546675 18.04641816
101.94745202 18.08148062
102.03457849 18.16984732
102.10149946 18.21064586
102.14821496 18.20387625
102.2316724 18.14897004
102.35187178 18.04592723
102.45879032 17.98463898
102.55253137 17.96510529
102.59821333 17.92676138
102.59604292 17.86960725
102.61681685 17.83333039
102.66063846 17.81795665
102.6800688 17.82410615
102.67521122 17.85175304
102.71763757 17.89224152
102.80745121 17.9455716
102.89866011 17.97688752
102.99136763 17.98624095
103.05131229 18.02851227
103.0912065 18.13824718
103.14851566 18.22173045
103.19967533 18.25945425
103.26318566 18.27847118
103.27961877 18.30498119
103.24892297 18.33898428
103.25171349 18.3734783
103.28824873 18.40841157
103.36695194 18.42332022
103.48797814 18.41815257
103.62967492 18.38254751
103.79224898 18.31647919
103.89885746 18.29529186
103.94955204 18.31901134
104.04871911 18.21671784
104.19620365 17.98835969
104.32265588 17.81581208
104.42817915 17.69897167
104.53923181 17.60928722
104.65591719 17.5467329
104.73968469 17.46167349
104.81606245 17.30028799
104.75901167 17.07714916
104.74350874 16.88437023
104.75064009 16.64753714
104.81936974 16.46607534
104.94990441 16.33993317
105.02576542 16.23800141
105.04715946 16.16025422
105.14875532 16.09353994
105.33065637 16.03791026
105.40631066 15.98744823
105.37561486 15.94217967
105.37318607 15.88967642
105.39892093 15.82986095
105.46201786 15.7804066
105.56237349 15.7412617
105.62211144 15.69997224
105.64102502 15.65653819
105.63890628 15.58594819
105.61565189 15.48825389
105.5737423 15.41321971
105.51317752 15.36087149
105.50583947 15.31960786
105.49043989 15.25658845
105.49043989 15.12760407
105.53343469 15.04161449
105.54666385 14.93247386
105.5230994 14.84330618
105.50020674 14.66122427
105.49736454 14.59068594
105.47555708 14.53012116
105.42269209 14.47162344
105.34212853 14.41669139
105.24363325 14.36785716
105.18332686 14.34625642
105.16911584 14.336102
105.12596602 14.28096324
105.07413456 14.2274523
105.03367191 14.22740062
105.0034412 14.2544274
104.98246057 14.28943818
104.96969649 14.36610017
104.87879764 14.40397899
104.77901045 14.4278535
104.57576704 14.39002635
104.41164269 14.36956249
104.2276746 14.39550406
104.05435184 14.3627412
103.98179813 14.35790945
103.89859907 14.36281871
103.81834557 14.36217276
103.74191613 14.37416169
103.60037438 14.42108389
103.54637251 14.41741486
103.43242598 14.37860586
103.31351851 14.35132071
103.19936527 14.33261384
103.03105513 14.25251537
102.90925378 14.13673432
102.87328698 14.05487885
102.81282556 13.97245494
102.72885135 13.84189444
102.6204342 13.71694082
102.54467655 13.65994172
102.56555383 13.62635204
102.54689863 13.58568268
102.42845625 13.56759593
102.33631717 13.56030956
102.31972904 13.54000072
102.3307878 13.28823314
102.36298221 13.19299348
102.42261682 13.07796174
102.4616842 13.01501984
102.49072635 12.82831289
102.49956302 12.66995047
102.62973596 12.56990489
102.70327152 12.49350129
102.75561974 12.42624441
102.73742964 12.38337881
102.70621708 12.25568635
102.73660282 12.089805
102.91809045 11.73210073
102.93390344 11.70667593
102.91230269 11.70385956
102.88367394 11.77277009
102.79158654 11.88862865
102.7629578 12.01244538
102.6548507 12.14881948
102.59418257 12.20302806
102.57475223 12.15781118
102.54023238 12.10923534
102.43408898 12.17923107
102.34313846 12.25258576
102.25911258 12.39433421
102.24846724 12.36141633
102.22955366 12.3316507
102.13415897 12.44301341
102.03442346 12.53187104
101.94450646 12.56365205
101.88910933 12.5932368
101.83577925 12.64036571
101.72364139 12.68935497
101.44489872 12.61891999
101.09019168 12.67364533
100.9537659 12.62124543
100.89774865 12.65380158
100.86333215 12.71452139
100.89640506 12.81818431
100.90394982 13.03491527
100.94611779 13.18725739
100.92627404 13.3030126
100.94694461 13.35758291
100.96265425 13.43199698
100.90653364 13.46238272
100.6560063 13.52129385
100.60298628 13.56816437
100.53642704 13.51447256
100.2356702 13.48444855
100.12239546 13.43954173
100.0174923 13.35316458
99.99051721 13.24348135
100.05108198 13.1712377
100.08994266 13.04563813
99.98204227 12.77146882
99.96395552 12.69002676
100.00571008 12.35475007
99.98907027 12.17078197
99.93026249 12.047482
99.83714155 11.93663605
99.79869429 11.74879222
99.72552046 11.66176911
99.62733524 11.46286652
99.56129276 11.21518138
99.51437056 11.10056306
99.4868787 10.88956818
99.28482385 10.56912263
99.23728153 10.38815176
99.16503788 10.31983552
99.19035933 10.26585948
99.1945968 10.17542573
99.16927534 9.9341743
99.16080041 9.73403148
99.1912895 9.62716462
99.28833784 9.41461945
99.26508345 9.35296947
99.25392134 9.26524872
99.33546675 9.22543203
99.39386112 9.21370148
99.72386682 9.31421214
99.83548791 9.28839977
99.87755252 9.19463288
99.90463098 9.11288076
99.96064823 8.67125397
99.98958703 8.5891918
100.05624963 8.51113455
100.1293201 8.42806468
100.15412479 8.4429475
100.15887902 8.47379833
100.1635299 8.50842154
100.22874556 8.42470572
100.27938846 8.26848786
100.45353804 7.44228506
100.50376753 7.33727855
100.54521203 7.22692353
100.4393787 7.28074453
100.41074995 7.46429922
100.38036421 7.54150381
100.34295047 7.55289846
100.28372928 7.55152904
100.28000858 7.58434357
100.32434696 7.64418488
100.31742232 7.71596345
100.25665083 7.77492626
100.15815555 7.72810741
100.16073937 7.59927806
100.20487105 7.5005244
100.37137251 7.28012442
100.42356571 7.18783031
100.48971154 7.16137198
100.58624312 7.17599641
100.70168827 7.08197114
100.79253543 6.9946638
101.01784468 6.8609252
101.15437381 6.87513622
101.3019617 6.90828665
101.4008704 6.89957917
101.49791874 6.86526602
101.61429406 6.75395498
101.79919234 6.47459219
102.10108605 6.24225495
102.0683232 6.1846874
102.05519738 6.09668244
101.93613488 5.97932526
101.91722131 5.91139659
101.8736064 5.82527782
101.7907174 5.77936331
101.71950728 5.77060415
101.67842451 5.77882071
101.6499508 5.79597728
101.60137495 5.87716096
101.57677697 5.90201732
101.5561064 5.9077534
101.40417769 5.85168448
101.25700321 5.7893627
101.22976973 5.73370718
101.19065067 5.66872407
101.14765588 5.64304088
101.11396284 5.63676219
101.08171675 5.6748994
101.02518273 5.72450878
100.98167118 5.7710434
100.99278161 5.84620677
101.07561893 5.95648428
101.08647098 6.03368887
101.07592899 6.16608389
101.05350142 6.24256501
101.0294202 6.24530386
100.98880252 6.25765453
100.87392582 6.24540721
100.8165133 6.33162934
100.79377567 6.42617137
100.75450158 6.46007111
100.7156409 6.48069001
100.62954797 6.44797883
100.5639189 6.46751252
100.34543094 6.54988475
100.26145674 6.68269318
100.21665327 6.68662059
100.17675907 6.67184113
100.16125614 6.64161042
100.13800174 6.48867402
100.11908817 6.44198436
99.86866418 6.74992422
99.69596154 6.87663483
99.72035282 7.10618155
99.66774621 7.15088166
99.6024272 7.15532583
99.55302453 7.21878449
99.5969495 7.35562368
99.52904667 7.32947541
99.43520226 7.33438467
99.35861779 7.37221182
99.30043013 7.56134756
99.26363651 7.61901846
99.18343469 7.71808218
99.07760135 7.71808218
99.04266808 7.7656245
99.05103967 7.88783926
98.97393843 7.96277009
98.87244592 8.02390331
98.7887301 8.05981843
98.70356734 8.25675731
98.63628462 8.3050231
98.57923384 8.34427135
98.49985884 8.31781302
98.47402062 8.24693879
98.4210006 8.17823497
98.36074588 8.18694245
98.3054521 8.22621654
98.23816939 8.42310375
98.22700728 8.54366486
98.24178674 8.7678889
98.32601932 8.9689619
98.37139123 9.29054434
98.44311812 9.49280589
98.4929342 9.5614322
98.56187056 9.8374877
98.70253381 10.19038605
98.71845015 10.26601451
98.74692386 10.35084138
98.76836958 10.43083649
98.7753459 10.55703034
98.75725915 10.62358959
98.75720747 10.66095165
98.78686974 10.70844229
98.88712202 10.78833405
99.02535648 10.91995393
99.19015262 11.10526561
99.3588245 11.38943431
99.44264367 11.55438548
99.47793867 11.61249563
99.51519738 11.63068574
99.57286828 11.68714224
99.6125041 11.74967072
99.61472619 11.78119335
99.52294885 12.08967581
99.46290083 12.19021231
99.43241174 12.30901643
99.41634037 12.39482514
99.39427453 12.47360586
99.40502323 12.54791657
99.37195031 12.59421865
99.29732954 12.65287141
99.21981489 12.73973949
99.17351281 12.88195303
99.17351281 12.96132803
99.12390344 13.03078115
99.10736698 13.10354157
99.1371326 13.1729947
99.17619999 13.23304271
99.17170414 13.49690257
99.15604618 13.57576081
99.13682254 13.71668244
99.08623132 13.82277416
99.01465946 13.94715933
98.93363081 14.0498404
98.721189 14.23572053
98.57003543 14.35992483
98.49500126 14.47288951
98.40022668 14.60298493
98.33211714 14.69649344
98.2460242 14.81475495
98.20209924 14.97593374
98.17791467 15.14739615
98.19104048 15.20408519
98.23227827 15.2413439
98.28612512 15.27160045
98.32942997 15.27857677
98.45216149 15.35735749
98.53727258 15.35069123
98.5569613 15.36766694
98.5652812 15.40355622
98.55448083 15.55974824
98.55814986 15.76862438
98.57396284 15.938614
98.59235965 16.05067434
98.81792728 16.1807956
98.86552127 16.2370454
98.88851729 16.2981011
98.88825891 16.35189627
98.86934533 16.39419343
98.83544559 16.41755117
98.68930464 16.30541332
98.66077925 16.33042471
98.59365156 16.51480622
98.56471276 16.57092683
98.52311323 16.63815786
98.47810306 16.73223481
98.47117842 16.89504141
98.43888065 16.97565664
98.2565662 17.14763581
98.17460738 17.23987824
98.06308963 17.37330679
97.92935103 17.53329702
97.7930286 17.68124665
97.72905318 17.77581452
97.7064189 17.79710521
97.69856408 17.8335371
97.7399569 17.93531383
97.71969974 18.03740062
97.6515902 18.17372305
97.6224447 18.25803315
97.63226322 18.29035676
97.59934533 18.30296581
97.52379439 18.29588614
97.45082726 18.35965485
97.38065067 18.4942978
97.37393273 18.5179656
97.3970321 18.51752635
97.48493371 18.49422028
97.51511275 18.49773428
97.57733117 18.5287143
97.67158898 18.56124462
97.72770959 18.57201915
97.74584802 18.58816804
97.75401289 18.62082754
97.70605716 18.93179047
97.71417036 18.99646353
97.80388065 19.13048636
97.79349369 19.26585277
97.81679976 19.45997529
97.91643192 19.59286123
97.99125939 19.65371023
98.01503055 19.7494925
98.04903364 19.76974966
98.11104536 19.76215323
98.23904789 19.69068472
98.29366988 19.68724824
98.37128788 19.6891861
98.45495202 19.6944571
98.49386437 19.70133006
98.76061812 19.77106741
98.81952925 19.77848298
98.87580488 19.76959463
98.91673262 19.77290192
98.95797041 19.80494131
98.9873743 19.86139781
99.02065392 20.0417744
99.0397742 20.07365876
99.07419071 20.09936778
99.1307764 20.11660187
99.19692224 20.11515493
99.28368696 20.08040253
99.33794722 20.07892976
99.39923547 20.09345083
99.45153202 20.1183072
99.48589684 20.14985566
99.50165816 20.18773448
99.48749881 20.26062409
99.44796634 20.35206554
99.45887007 20.36304678
99.53163049 20.34284129
99.63870405 20.3204654
99.72014611 20.32542634
99.77337284 20.341291
99.82525598 20.3844925
99.89036828 20.42441254
99.95424035 20.41544668
100.00364302 20.37958324

